           0.23333           0.56679           0.92375           0.37741           0.98548
           0.33333           0.41361           0.67247           0.27514           0.97310
           0.43333           0.32219           0.52167           0.21396           0.94894
           0.53333           0.27483           0.44228           0.18206           0.91630
           0.63333           0.24112           0.38413           0.15908           0.87782
           0.73333           0.22451           0.35267           0.14728           0.83561
           0.83333           0.21794           0.33581           0.14186           0.79132
           0.93333           0.21565           0.32297           0.13875           0.74624
           1.03333           0.22659           0.32859           0.14387           0.70132
           1.13333           0.24784           0.34601           0.15489           0.65724
           1.23333           0.28295           0.37890           0.17373           0.61452
           1.33333           0.33924           0.43623           0.20468           0.57347
           1.43333           0.42760           0.53095           0.25408           0.53431
           1.53333           0.56323           0.68017           0.33062           0.49716
           1.63333           0.77050           0.91269           0.44856           0.46208
           1.73333           1.09114           1.27972           0.63276           0.42908
           1.81167           1.93322           2.26458           1.12116           0.40378
