  0.69999999999999996        2314.5190819037184        1.3038404810405297       0.16003999999999999        2775906579.9877310        20210280586.440414     
  0.80000000000000004        4133.2974655127646        1.3416407864998738       0.16311384615384614        3227312203.7979655        23497249233.057392     
  0.90000000000000002        4442.9103562787850        1.3784048752090221       0.16618769230769229        3639756200.5153546        26499522679.128468     
   1.0000000000000000        4493.6022302769579        1.4142135623730951       0.16926153846153846        4010136077.1934700        29194896171.891850     
   1.1000000000000001        4368.9166762365003        1.4491376746189439       0.17233538461538461        4338012848.4781713        31580456611.113327     
   1.2000000000000000        4163.9084909046705        1.4832396974191326       0.17540923076923076        4624677741.6154604        33665804604.302841     
   1.3000000000000000        3899.4007717189152        1.5165750888103100       0.17848307692307691        4872472444.8303404        35468123959.489159     
   1.3999999999999999        3390.6460599406687        1.5491933384829668       0.18155692307692309        5084311152.8119059        37008718558.687706     
   1.5000000000000000        2807.9413038970042        1.5811388300841898       0.18463076923076924        5263355528.6858330        38310659535.139305     
   1.6000000000000001        2093.4964893828160        1.6124515496597100       0.18770461538461539        5412801456.0482569        39397243235.889252     
   1.7000000000000000        1402.7178384559600        1.6431676725154984       0.19077846153846154        5535745226.2442350        40291024795.973846     
   1.8000000000000000        1315.1359344401242        1.6733200530681511       0.19385230769230771        5635104799.3270931        41013250491.149338     
   1.8999999999999999        800.05412801175294        1.7029386365926400       0.19692615384615386        5713578356.0579405        41583559918.710434     
   2.0000000000000000        423.47303289283349        1.7320508075688772       0.20000000000000001        5773627462.3715773        42019866137.785324     
