           0.23333           0.56518           0.92249           0.37657           1.02366
           0.33333           0.41077           0.67024           0.27365           1.05573
           0.43333           0.31760           0.51803           0.21155           1.07580
           0.53333           0.26771           0.43655           0.17830           1.08573
           0.63333           0.23010           0.37509           0.15323           1.08724
           0.73333           0.20775           0.33860           0.13834           1.08190
           0.83333           0.19271           0.31404           0.12831           1.07108
           0.93333           0.17718           0.28866           0.11796           1.05595
           1.03333           0.16937           0.27593           0.11276           1.03748
           1.13333           0.16276           0.26515           0.10836           1.01649
           1.23333           0.15616           0.25438           0.10396           0.99363
           1.33333           0.15055           0.24520           0.10022           0.96944
           1.43333           0.14738           0.24006           0.09811           0.94433
           1.53333           0.14503           0.23623           0.09655           0.91866
           1.63333           0.14160           0.23062           0.09426           0.89270
           1.73333           0.14014           0.22825           0.09329           0.86667
           1.81167           0.18493           0.30122           0.12311           0.84639
