           0.23333           0.56290           0.92079           0.37538           1.02366
           0.33333           0.40889           0.66887           0.27268           1.05573
           0.43333           0.31595           0.51683           0.21070           1.07580
           0.53333           0.26621           0.43546           0.17753           1.08573
           0.63333           0.22867           0.37406           0.15249           1.08724
           0.73333           0.20639           0.33762           0.13764           1.08190
           0.83333           0.19140           0.31309           0.12764           1.07108
           0.93333           0.17588           0.28771           0.11729           1.05595
           1.03333           0.16812           0.27501           0.11211           1.03748
           1.13333           0.16153           0.26423           0.10772           1.01649
           1.23333           0.15494           0.25345           0.10333           0.99363
           1.33333           0.14932           0.24426           0.09958           0.96944
           1.43333           0.14618           0.23912           0.09748           0.94433
           1.53333           0.14384           0.23529           0.09592           0.91866
           1.63333           0.14039           0.22966           0.09363           0.89270
           1.73333           0.13894           0.22728           0.09266           0.86667
           1.81167           0.18335           0.29992           0.12227           0.84639
