100  1.20190874600319196E-003
250  2.93918171275523148E-003
500  5.50885552012634998E-003
750  7.99573786257875771E-003
1000  1.02178757772573431E-002
1500  1.35878950525827966E-002
 2000  1.72134610152208101E-002
2500  2.03445457304080174E-002
 3000  2.28060477573345625E-002
 4000  2.51710510157102905E-002
 5000  2.64081584057951450E-002
 6000  2.78961183227862224E-002
 7000  2.78566719202856770E-002
 8000  2.63953020573715058E-002
9000  2.48281574070628869E-002
10000  2.53375001797977242E-002
12000  2.77301320911396733E-002
15000  2.99755294156597782E-002
17000  3.07361727166610317E-002
20000  3.11084219156427429E-002
22000  3.12067165246715204E-002
25000  3.06182347553318746E-002
27000  2.95415260343746613E-002
30000  2.76718318322620553E-002


