#----------------------------------------------------
#, nu_min=950 MHz, nu_max=1670 MHz
# Survey_name, survey_area, c_1, c_2, c_3, c_4, c_5, N_gal
 100 6.0315 1.5029 6.0605 0.6043 0.7553 1.088e+06
 250 5.6973 1.2410 5.8563 0.6099 0.7903 1.961e+06
 500 5.4719 1.0495 6.6398 0.6205 0.8002 2.554e+06
 750 5.4637 1.0615 7.4067 0.6255 0.8113 3.150e+06
 1000 5.2597 0.9114 7.2792 0.6281 0.8172 3.491e+06
 1500 5.4085 1.0020 9.1769 0.6282 0.8295 4.245e+06
   2000 5.3568 0.9661 9.5205 0.6251 0.8449 5.077e+06
   2500 5.3366 0.9622 9.9381 0.6222 0.8577 5.661e+06
   3000 5.3891 1.0417 10.5844 0.6206 0.8670 5.848e+06
   4000 5.5518 1.2650 12.0285 0.6206 0.8780 5.667e+06
   5000 5.5269 1.3865 12.1824 0.6244 0.8808 5.148e+06
   6000 5.0990 1.0939 11.1174 0.6313 0.8780 4.928e+06
   7000 5.2637 1.1930 13.0018 0.6388 0.8764 5.051e+06
   8000 5.3792 1.2712 14.1273 0.6443 0.8824 5.337e+06
   9000 5.3831 1.2781 14.4211 0.6456 0.9008 5.680e+06
   10000 5.3536 1.2632 14.4794 0.6449 0.9228 6.029e+06
   12000 5.2687 1.2167 14.4218 0.6506 0.9457 6.626e+06
   15000 5.0703 1.1049 13.9383 0.6781 0.9254 7.152e+06
   17000 4.9233 1.0205 13.5679 0.7087 0.8750 7.319e+06
   20000 4.7166 0.9052 13.1424 0.7643 0.7684 7.336e+06
   22000 4.6599 0.8725 13.4953 0.7909 0.7187 7.303e+06
   25000 4.7923 0.9553 15.3162 0.8167 0.6692 7.412e+06
   27000 4.8757 1.0119 16.2195 0.8268 0.6474 7.578e+06
   30000 4.9199 1.0514 16.7560 0.8350 0.6229 7.900e+06
#----------------------------------------------------
#, nu_min=800 MHz, nu_max=1300 MHz
# Survey_name, survey_area, c_1, c_2, c_3, c_4, c_5, N_gal
   100 6.0315 1.5029 6.0605 0.6043 0.7553 1.351e+06
   250 5.6973 1.2410 5.8563 0.6099 0.7903 2.278e+06
   500 5.4719 1.0495 6.6398 0.6205 0.8002 2.665e+06
   750 5.4637 1.0615 7.4067 0.6255 0.8113 3.023e+06
   1000 5.2597 0.9114 7.2792 0.6281 0.8172 3.237e+06
   1500 5.4085 1.0020 9.1769 0.6282 0.8295 3.636e+06
   2000 5.3568 0.9661 9.5205 0.6251 0.8449 4.113e+06
   2500 5.3366 0.9622 9.9381 0.6222 0.8577 4.487e+06
   3000 5.3891 1.0417 10.5844 0.6206 0.8670 4.645e+06
   4000 5.5518 1.2650 12.0285 0.6206 0.8780 4.556e+06
   5000 5.5269 1.3865 12.1824 0.6244 0.8808 4.214e+06
   6000 5.0990 1.0939 11.1174 0.6313 0.8780 3.809e+06
   7000 5.2637 1.1930 13.0018 0.6388 0.8764 3.753e+06
   8000 5.3792 1.2712 14.1273 0.6443 0.8824 3.869e+06
   9000 5.3831 1.2781 14.4211 0.6456 0.9008 4.044e+06
   10000 5.3536 1.2632 14.4794 0.6449 0.9228 4.228e+06
   12000 5.2687 1.2167 14.4218 0.6506 0.9457 4.549e+06
   15000 5.0703 1.1049 13.9383 0.6781 0.9254 4.784e+06
   17000 4.9233 1.0205 13.5679 0.7087 0.8750 4.796e+06
   20000 4.7166 0.9052 13.1424 0.7643 0.7684 4.645e+06
   22000 4.6599 0.8725 13.4953 0.7909 0.7187 4.456e+06
   25000 4.7923 0.9553 15.3162 0.8167 0.6692 4.324e+06
   27000 4.8757 1.0119 16.2195 0.8268 0.6474 4.347e+06
   30000 4.9199 1.0514 16.7560 0.8350 0.6229 4.475e+06
#----------------------------------------------------
