6.999999999999999556e-01 2.314519081903718416e+03 1.303840481040529742e+00 1.600399999999999878e-01 2.775906579987730980e+09 2.021028058644041443e+10
8.000000000000000444e-01 4.133297465512764575e+03 1.341640786499873839e+00 1.631138461538461371e-01 3.227312203797965527e+09 2.349724923305739212e+10
9.000000000000000222e-01 4.442910356278785002e+03 1.378404875209022107e+00 1.661876923076922863e-01 3.639756200515354633e+09 2.649952267912846756e+10
1.000000000000000000e+00 4.493602230276957926e+03 1.414213562373095145e+00 1.692615384615384633e-01 4.010136077193470001e+09 2.919489617189184952e+10
1.100000000000000089e+00 4.368916676236500280e+03 1.449137674618943938e+00 1.723353846153846125e-01 4.338012848478171349e+09 3.158045661111332703e+10
1.199999999999999956e+00 4.163908490904670543e+03 1.483239697419132641e+00 1.754092307692307617e-01 4.624677741615460396e+09 3.366580460430284119e+10
1.300000000000000044e+00 3.899400771718915166e+03 1.516575088810310001e+00 1.784830769230769110e-01 4.872472444830340385e+09 3.546812395948915863e+10
1.399999999999999911e+00 3.390646059940668692e+03 1.549193338482966809e+00 1.815569230769230880e-01 5.084311152811905861e+09 3.700871855868770599e+10
1.500000000000000000e+00 2.807941303897004218e+03 1.581138830084189761e+00 1.846307692307692372e-01 5.263355528685832977e+09 3.831065953513930511e+10
1.600000000000000089e+00 2.093496489382815980e+03 1.612451549659710048e+00 1.877046153846153864e-01 5.412801456048256874e+09 3.939724323588925171e+10
1.699999999999999956e+00 1.402717838455959964e+03 1.643167672515498445e+00 1.907784615384615357e-01 5.535745226244235039e+09 4.029102479597384644e+10
1.800000000000000044e+00 1.315135934440124174e+03 1.673320053068151125e+00 1.938523076923077126e-01 5.635104799327093124e+09 4.101325049114933777e+10
1.899999999999999911e+00 8.000541280117529368e+02 1.702938636592639998e+00 1.969261538461538619e-01 5.713578356057940483e+09 4.158355991871043396e+10
2.000000000000000000e+00 4.234730328928334870e+02 1.732050807568877193e+00 2.000000000000000111e-01 5.773627462371577263e+09 4.201986613778532410e+10
