5.000000000000000278e-02 4.012068268681930476e+03 6.477263344495594044e-01 2.066985463866714279e-01 1.273370204731037840e+07 2.133903124379547238e+08
1.500000000000000222e-01 4.386930605664142604e+03 7.048248042429907656e-01 2.197932535460043191e-01 8.163494584373964369e+07 1.734415411682942629e+09
2.500000000000000000e-01 2.022565887317253328e+03 7.791635413166753121e-01 2.325227876718224396e-01 1.998273730917551517e+08 4.326429833360766411e+09
3.500000000000000333e-01 7.550112991224127654e+02 8.629066790861512626e-01 2.449254364738232825e-01 3.486929431072455645e+08 7.583196107291869164e+09
4.500000000000000111e-01 2.554880216786205551e+02 9.562429892500982076e-01 2.570329547811602278e-01 5.132588186843670011e+08 1.117851968946245956e+10
5.500000000000000444e-01 8.189006507366644882e+01 1.059998243538626816e+00 2.688720506645971287e-01 6.822331978765249252e+08 1.486679084895743370e+10
6.500000000000001332e-01 2.540157516425381345e+01 1.175228596917198498e+00 2.804654597355879520e-01 8.476213166099184752e+08 1.847440323226672745e+10
7.500000000000000000e-01 7.716180301921415463e+00 1.303153254996880062e+00 2.918327397367530551e-01 1.004146093407181382e+09 2.188698160349576187e+10
8.500000000000000888e-01 2.311503465595040829e+00 1.445145577727631636e+00 3.029908700352690887e-01 1.148633454966208458e+09 2.503590645028582382e+10
9.499999999999999556e-01 6.858085780536825604e-01 1.602740237605152274e+00 3.139547118518118407e-01 1.279454058908588886e+09 2.788611677940013123e+10
