5.000000000000000278e-02 2.901222520031999011e+03 6.488664974166804544e-01 2.066985463866714279e-01 1.273370204731037840e+07 2.133903124379547238e+08
1.500000000000000222e-01 3.453199984937101817e+03 7.072493613698287440e-01 2.197932535460043191e-01 8.163494584373964369e+07 1.734415411682942629e+09
2.500000000000000000e-01 1.548734204877575166e+03 7.842309477178130983e-01 2.325227876718224396e-01 1.998273730917551517e+08 4.326429833360766411e+09
3.500000000000000333e-01 5.534180586937466160e+02 8.713057624670388357e-01 2.449254364738232825e-01 3.486929431072455645e+08 7.583196107291869164e+09
4.500000000000000111e-01 1.778352124030336086e+02 9.686822432154562623e-01 2.570329547811602278e-01 5.132588186843670011e+08 1.117851968946245956e+10
5.500000000000000444e-01 5.389990326533995812e+01 1.077275314807273787e+00 2.688720506645971287e-01 6.822331978765249252e+08 1.486679084895743370e+10
6.500000000000001332e-01 1.578297560911662067e+01 1.198257106987281162e+00 2.804654597355879520e-01 8.476213166099184752e+08 1.847440323226672745e+10
7.500000000000000000e-01 4.527197765867523316e+00 1.332982905646731275e+00 2.918327397367530551e-01 1.004146093407181382e+09 2.188698160349576187e+10
8.500000000000000888e-01 1.283082013576000602e+00 1.482981753059768870e+00 3.029908700352690887e-01 1.148633454966208458e+09 2.503590645028582382e+10
9.499999999999999556e-01 3.613160097956077399e-01 1.649964946397240784e+00 3.139547118518118407e-01 1.279454058908588886e+09 2.788611677940013123e+10
1.050000000000000044e+00 1.014620263100889375e-01 1.835842150682569285e+00 3.247373670403580492e-01 1.396060823137969494e+09 3.042603039745153046e+10
1.142307692307692246e+00 3.136148052627174554e-02 2.032014204051368900e+00 3.345398465244223685e-01 1.261942508927500486e+09 3.249849145631157303e+10
