4.490147783251232094e-01 1.014705257470139514e+02 9.751357031698706379e-01 2.569150184436285733e-01 5.116002928220359683e+08 1.114230378808660126e+10
5.490147783251231317e-01 3.125851350549562113e+01 1.083149302949983017e+00 2.687566421905962510e-01 6.805752243801376820e+08 1.483061446423397064e+10
6.490147783251232205e-01 9.174316482367258274e+00 1.207240622940740415e+00 2.803523717523749847e-01 8.460283791468462944e+08 1.843966544167394257e+10
7.490147783251233093e-01 2.590397793184827435e+00 1.350705612971887293e+00 2.917217929891393058e-01 1.002658936924013257e+09 2.185456456711826706e+10
8.490147783251231761e-01 1.482340468383508192e+00 1.483168541355647463e+00 3.028819082328597645e-01 1.147274968037628412e+09 2.500630411048677444e+10
9.490147783251232649e-01 6.694745549644740557e-01 1.611271981508779483e+00 3.138475976805548684e-01 1.278234338594747543e+09 2.785954536881776810e+10
1.049014778325123354e+00 2.656674320890080043e-01 1.746626724821035204e+00 3.246319790305263187e-01 1.394981223915489197e+09 3.040251660225460815e+10
1.149014778325123221e+00 9.770808351100304656e-02 1.888900398579815398e+00 3.352466916604150415e-01 1.497685235127498388e+09 3.263916178076303101e+10
1.249014778325123309e+00 3.415436951353801459e-02 2.037990475458559381e+00 3.457021239440152272e-01 1.586973246856059313e+09 3.458331450116516113e+10
1.349014778325123176e+00 1.150904203568815093e-02 2.193787422849593050e+00 3.560075970991667393e-01 1.663737505786892414e+09 3.625453405335110474e+10
1.423645320197044262e+00 5.009680003046254951e-03 2.325471740397362375e+00 3.636059528600406043e-01 8.442441480920370817e+08 3.733723852363871002e+10
