5.000000000000000278e-02 1.280556091939528642e+03 8.572748965850890412e-01 2.066985463866714279e-01 1.273370204731037840e+07 2.133903124379547238e+08
1.500000000000000222e-01 1.065627600609024284e+03 8.661801310128744991e-01 2.197932535460043191e-01 8.163494584373964369e+07 1.734415411682942629e+09
2.500000000000000000e-01 3.874293959791156112e+02 9.005404389597992942e-01 2.325227876718224396e-01 1.998273730917551517e+08 4.326429833360766411e+09
3.500000000000000333e-01 1.137770843724310907e+02 9.413451260927225839e-01 2.449254364738232825e-01 3.486929431072455645e+08 7.583196107291869164e+09
4.500000000000000111e-01 3.003398840939001246e+01 9.864778432463987556e-01 2.570329547811602278e-01 5.132588186843670011e+08 1.117851968946245956e+10
5.500000000000000444e-01 7.430981793958357784e+00 1.036273075824700518e+00 2.688720506645971287e-01 6.822331978765249252e+08 1.486679084895743370e+10
6.500000000000001332e-01 1.760018753642185185e+00 1.091163319667086684e+00 2.804654597355879520e-01 8.476213166099184752e+08 1.847440323226672745e+10
7.500000000000000000e-01 4.039596787442178427e-01 1.151645737299659800e+00 2.918327397367530551e-01 1.004146093407181382e+09 2.188698160349576187e+10
8.500000000000000888e-01 9.054646884877891322e-02 1.218276473760812273e+00 3.029908700352690887e-01 1.148633454966208458e+09 2.503590645028582382e+10
9.499999999999999556e-01 1.992422705924813686e-02 1.291672129809873448e+00 3.139547118518118407e-01 1.279454058908588886e+09 2.788611677940013123e+10
