4.490147783251232094e-01 2.729105870578646886e+01 9.886509050143367228e-01 2.569150184436285733e-01 5.116002928220359683e+08 1.114230378808660126e+10
5.490147783251231317e-01 7.685556709808127884e+00 1.036943065653114004e+00 2.687566421905962510e-01 6.805752243801376820e+08 1.483061446423397064e+10
6.490147783251232205e-01 2.015494807129429855e+00 1.102088699503954050e+00 2.803523717523749847e-01 8.460283791468462944e+08 1.843966544167394257e+10
7.490147783251233093e-01 5.023156750098429768e-01 1.184280038836530435e+00 2.917217929891393058e-01 1.002658936924013257e+09 2.185456456711826706e+10
8.490147783251231761e-01 1.205321207089639357e-01 1.284037311200564302e+00 3.028819082328597645e-01 1.147274968037628412e+09 2.500630411048677444e+10
9.490147783251232649e-01 2.808957278251948686e-02 1.402174918007613069e+00 3.138475976805548684e-01 1.278234338594747543e+09 2.785954536881776810e+10
1.049014778325123354e+00 6.396616965740354807e-03 1.539779531343602237e+00 3.246319790305263187e-01 1.394981223915489197e+09 3.040251660225460815e+10
1.149014778325123221e+00 1.429663742589721990e-03 1.698198588455792635e+00 3.352466916604150415e-01 1.497685235127498388e+09 3.263916178076303101e+10
1.249014778325123309e+00 3.146464572370675670e-04 1.879037151577820808e+00 3.457021239440152272e-01 1.586973246856059313e+09 3.458331450116516113e+10
1.349014778325123176e+00 6.836072428348711105e-05 2.084161517880925185e+00 3.560075970991667393e-01 1.663737505786892414e+09 3.625453405335110474e+10
1.423645320197044262e+00 2.165779984379540961e-05 2.275773292864133879e+00 3.636059528600406043e-01 8.442441480920370817e+08 3.733723852363871002e+10
