4.490147783251232094e-01 3.903985002042687938e+03 8.997128412883487192e-01 2.569150184436285733e-01 5.116002928220359683e+08 1.114230378808660126e+10
5.490147783251231317e-01 2.199439248182049141e+03 9.768721188234824604e-01 2.687566421905962510e-01 6.805752243801376820e+08 1.483061446423397064e+10
6.490147783251232205e-01 1.186497126245644949e+03 1.061129544394986635e+00 2.803523717523749847e-01 8.460283791468462944e+08 1.843966544167394257e+10
7.490147783251233093e-01 6.186586904866331906e+02 1.153072748186185326e+00 2.917217929891393058e-01 1.002658936924013257e+09 2.185456456711826706e+10
8.490147783251231761e-01 3.138089969382805293e+02 1.253356866279762727e+00 3.028819082328597645e-01 1.147274968037628412e+09 2.500630411048677444e+10
9.490147783251232649e-01 1.555883107116006272e+02 1.362703574439880327e+00 3.138475976805548684e-01 1.278234338594747543e+09 2.785954536881776810e+10
1.049014778325123354e+00 7.567930786880734217e+01 1.481904022412197763e+00 3.246319790305263187e-01 1.394981223915489197e+09 3.040251660225460815e+10
1.149014778325123221e+00 3.621784720184721351e+01 1.611823521168088025e+00 3.352466916604150415e-01 1.497685235127498388e+09 3.263916178076303101e+10
1.249014778325123309e+00 1.709320362662490922e+01 1.753407263924923409e+00 3.457021239440152272e-01 1.586973246856059313e+09 3.458331450116516113e+10
1.349014778325123176e+00 7.970808774798414653e+00 1.907686861673888457e+00 3.560075970991667393e-01 1.663737505786892414e+09 3.625453405335110474e+10
1.423645320197044262e+00 4.476423738253271445e+00 2.039636875401678484e+00 3.636059528600406043e-01 8.442441480920370817e+08 3.733723852363871002e+10
