4.490147783251232094e-01 1.798990428231300029e+04 8.585171194478238288e-01 2.569150184436285733e-01 5.116002928220359683e+08 1.114230378808660126e+10
5.490147783251231317e-01 1.289036798844351688e+04 9.276038851125093521e-01 2.687566421905962510e-01 6.805752243801376820e+08 1.483061446423397064e+10
6.490147783251232205e-01 8.669985525596082880e+03 1.002143269675368042e+00 2.803523717523749847e-01 8.460283791468462944e+08 1.843966544167394257e+10
7.490147783251233093e-01 5.558109031435051293e+03 1.082632715851878258e+00 2.917217929891393058e-01 1.002658936924013257e+09 2.185456456711826706e+10
8.490147783251231761e-01 3.493410743389739309e+03 1.170177794857773623e+00 3.028819082328597645e-01 1.147274968037628412e+09 2.500630411048677444e+10
9.490147783251232649e-01 2.150970167055395905e+03 1.265440584199947427e+00 3.138475976805548684e-01 1.278234338594747543e+09 2.785954536881776810e+10
1.049014778325123354e+00 1.301429684340238964e+03 1.369058160223408427e+00 3.246319790305263187e-01 1.394981223915489197e+09 3.040251660225460815e+10
1.149014778325123221e+00 7.758445143877565897e+02 1.481718048242089969e+00 3.352466916604150415e-01 1.497685235127498388e+09 3.263916178076303101e+10
1.249014778325123309e+00 4.566414814166965925e+02 1.604172390667634840e+00 3.457021239440152272e-01 1.586973246856059313e+09 3.458331450116516113e+10
1.349014778325123176e+00 2.657724210728269441e+02 1.737242118792642565e+00 3.560075970991667393e-01 1.663737505786892414e+09 3.625453405335110474e+10
1.423645320197044262e+00 1.762327893346519829e+02 1.848750480333930524e+00 3.636059528600406043e-01 8.442441480920370817e+08 3.733723852363871002e+10
