           0.05000           6.57879          10.73190
           0.15000           2.31477           3.66322
           0.25000           2.00057           2.74906
           0.35000           3.85114           4.13749
           0.45000          13.00663          11.90639
           0.55000          56.63486          49.39559
           0.65000         260.67743         226.37587
           0.75000        1222.42156        1071.00763
           0.85000        5755.12639        5112.59812
           0.95000       26996.63497       24389.11130
