           0.62778          32.44737          29.81212
           0.72778         109.30987         102.50115
           0.82778         198.18300         190.90633
           0.92778         428.20777         422.34707
           1.02778        1123.20304        1136.47587
           1.12778        3552.24618        3711.50943
           1.22778       11145.98144       12022.98816
           1.32778       34815.44395       38729.31666
           1.42778      108416.67533      124211.98305
           1.52778      336322.97944      396265.19861
           1.62778     1039223.35908     1257259.49880
           1.72778     3204240.10661     3974052.88876
           1.82778     9854375.44311    12509280.92996
           1.92778    30227924.79280    39211735.97678
           2.02778    92568780.34979   122518950.57394
           2.12778   282977691.21177   381567776.83488
           2.22778   863687733.82274  1184772106.04934
           2.32778  2631895663.79895  3667873700.73051
           2.42778  8011551126.07176 11328495064.90721
           2.52778 24359728972.26962 34907152350.04679
           2.62778 73991785089.07335107330374193.45734
           2.72778224538461223.40646329360717917.06818
           2.82778680816129689.45923******************
           2.92778************************************
           3.01746************************************
