           0.44901          14.12434          12.88497
           0.54901          54.61813          47.68430
           0.64901         223.38142         194.99684
           0.74901         934.16286         829.17529
           0.84901        3930.44445        3575.27271
           0.94901       16499.94210       15452.09756
           1.04901       69461.43663       67159.78311
           1.14901      292275.31920      292202.34560
           1.24901     1227339.74526     1269439.27388
           1.34901     5151398.58924     5510834.85759
           1.42365    21103042.28881    23212389.89357
