           0.23333           0.56687           0.92381
           0.33333           0.41376           0.67259
           0.43333           0.32246           0.52188
           0.53333           0.27530           0.44266
           0.63333           0.24194           0.38482
           0.73333           0.22588           0.35386
           0.83333           0.22021           0.33785
           0.93333           0.21941           0.32646
           1.03333           0.23263           0.33439
           1.13333           0.25747           0.35556
           1.23333           0.29827           0.39453
           1.33333           0.36356           0.46165
           1.43333           0.46634           0.57220
           1.53333           0.62519           0.74735
           1.63333           0.87002           1.02261
           1.73333           1.25170           1.46044
           1.81167           2.24239           2.61835
