           0.70000           0.80037           1.21243
           0.80000           0.68448           1.05917
           0.90000           0.65186           1.00444
           1.00000           0.63213           0.96771
           1.10000           0.62202           0.94434
           1.20000           0.60259           0.90473
           1.30000           0.56190           0.83020
           1.40000           0.58085           0.84323
           1.50000           0.56382           0.79375
           1.60000           0.63464           0.86114
           1.70000           0.73008           0.93531
           1.80000           0.74882           0.94551
           1.90000           1.03760           1.23447
           2.00000           1.68842           1.88465
