           0.23333           0.57286           0.92879
           0.33333           0.42766           0.68410
           0.43333           0.35255           0.54708
           0.53333           0.33795           0.49631
           0.63333           0.36952           0.49764
           0.73333           0.47957           0.58501
           0.83333           0.72323           0.80694
           0.93333           1.22553           1.28306
           1.03333           2.27837           2.31113
           1.13333           4.47238           4.50789
           1.23333           9.05012           9.21696
           1.33333          18.61706          19.33448
           1.43333          38.63909          41.09130
           1.53333          80.50525          87.79374
           1.63333         167.88994         187.75900
           1.73333         350.62371         401.87337
           1.81167         823.23846         962.34188
