           0.05000           6.56812          10.71847
           0.15000           2.22387           3.57551
           0.25000           1.53553           2.32097
           0.35000           1.70910           2.21195
           0.45000           3.05328           3.24754
           0.55000           8.09979           7.71035
           0.65000          25.39118          23.52015
           0.75000          84.70107          79.67275
           0.85000         285.66997         276.75804
           0.95000         955.33018         956.84747
           1.05000        3173.84609        3288.25423
           1.14231       10308.51986       11024.79067
