           0.05000           6.55954          10.71147
           0.15000           2.20822           3.56271
           0.25000           1.48351           2.27730
           0.35000           1.52863           2.05467
           0.45000           2.42475           2.68731
           0.55000           5.76744           5.61474
           0.65000          16.63311          15.46924
           0.75000          52.07353          48.71213
           0.85000         166.51793         159.80786
           0.95000         531.18052         526.13342
