           0.40238           4.30251           4.37750
           0.50238          13.89267          12.69383
           0.60238          43.03078          38.84737
           0.70238         138.68195         127.68297
           0.80238         459.19736         436.16700
           0.90238        1545.08659        1520.03736
           1.00238        5241.38749        5347.12077
           1.10238       18003.04260       19044.85818
           1.20238       62167.43908       68162.35350
           1.30238       76923.59991       86924.77947
           1.40238      131100.78000      151261.16019
           1.50238      292450.63788      344350.15039
           1.60238      731742.18852      878347.09974
           1.70238     1955841.62294     2390548.00884
           1.80238     5454742.72123     6780898.26542
           1.90238    15675682.93626    19796684.46065
           2.00238    46111973.53823    59095206.56030
           2.10238   138157899.03148   179483451.75737
           2.20238   152601583.79751   201687373.06538
           2.30238    41691505.07191    55769115.62400
           2.40238    56285801.15499    76329596.07356
           2.50238    97423145.40072   133863627.88539
           2.60238   187741283.03136   261166006.37267
           2.70238   384217577.86948   540675319.21097
           2.80238   817153205.02231  1162317061.39192
           2.90238  1784980849.19860  2564446575.28201
           3.00238  3976385220.46332  5766118999.23907
