           0.44901           4.61409           4.61904
           0.54901          13.16810          12.20266
           0.64901          42.43117          39.05998
           0.74901         143.74710         135.62579
           0.84901         246.95312         239.34713
           0.94901         538.14682         534.19601
           1.04901        1327.88641        1350.36372
           1.14901        3514.05040        3659.27418
           1.24901        9723.16124       10359.42757
           1.34901       27801.10180       30275.51588
           1.42365       87603.73692       97055.33798
