           0.23333           0.56518           0.92249
           0.33333           0.41077           0.67024
           0.43333           0.31760           0.51803
           0.53333           0.26771           0.43655
           0.63333           0.23010           0.37509
           0.73333           0.20775           0.33860
           0.83333           0.19271           0.31404
           0.93333           0.17718           0.28866
           1.03333           0.16937           0.27593
           1.13333           0.16276           0.26515
           1.23333           0.15616           0.25438
           1.33333           0.15055           0.24520
           1.43333           0.14738           0.24006
           1.53333           0.14503           0.23623
           1.63333           0.14160           0.23062
           1.73333           0.14014           0.22825
           1.81167           0.18493           0.30122
