           0.23333           0.56730           0.92418
           0.33333           0.41467           0.67336
           0.43333           0.32424           0.52336
           0.53333           0.27861           0.44543
           0.63333           0.24800           0.38999
           0.73333           0.23667           0.36331
           0.83333           0.23902           0.35482
           0.93333           0.25195           0.35691
           1.03333           0.28768           0.38746
           1.13333           0.35029           0.44740
           1.23333           0.45487           0.55302
           1.33333           0.62882           0.73517
           1.43333           0.91881           1.04676
           1.53333           1.40211           1.57695
           1.63333           2.20946           2.48126
           1.73333           3.56895           4.03784
           1.81167           6.94972           7.94984
