           0.23333           0.56636           0.92336
           0.33333           0.41269           0.67171
           0.43333           0.32050           0.52028
           0.53333           0.27192           0.43986
           0.63333           0.23616           0.37996
           0.73333           0.21631           0.34563
           0.83333           0.20466           0.32410
           0.93333           0.19413           0.30334
           1.03333           0.19275           0.29677
           1.13333           0.19500           0.29477
           1.23333           0.20086           0.29681
           1.33333           0.21234           0.30586
           1.43333           0.23181           0.32545
           1.53333           0.26022           0.35604
           1.63333           0.29969           0.39977
           1.73333           0.35605           0.46474
           1.81167           0.55067           0.70891
