6.277777777777777679e-01 9.543577045383424775e+03 9.853973433803937532e-01 2.779093332171309050e-01 8.114857096452516317e+08 1.768634702998767853e+10
7.277777777777777457e-01 6.171623466279969762e+03 1.064523185993371479e+00 2.893253140177019511e-01 9.703191573349875212e+08 2.114960351629393387e+10
8.277777777777777235e-01 3.896038651178922464e+03 1.150515652541098666e+00 3.005285693706116756e-01 1.117668738609918833e+09 2.436115588267837906e+10
9.277777777777778123e-01 2.408858365823546592e+03 1.244091421426938071e+00 3.115343970936580997e-01 1.251605453494318962e+09 2.727943701584215927e+10
1.027777777777777901e+00 1.440495040705978681e+03 1.346202549692035344e+00 3.223562631925699917e-01 1.371376351775071144e+09 2.988840111894846344e+10
1.127777777777777768e+00 8.147345802202543155e+02 1.459405162132564771e+00 3.330061002936774428e-01 1.477022317998853922e+09 3.218920525245932770e+10
1.227777777777777857e+00 4.544307102112922507e+02 1.582342874786718978e+00 3.434945457693867055e-01 1.569091479314433336e+09 3.419398133794561386e+10
1.327777777777777946e+00 2.505314653816543569e+02 1.715660450179316232e+00 3.538311338953967211e-01 1.648432579991584539e+09 3.592135144115406799e+10
1.427777777777777812e+00 1.367663180075991818e+02 1.860230976026040706e+00 3.640244525011369081e-01 1.716051031928961515e+09 3.739330675145890808e+10
1.527777777777777901e+00 7.403540405269231428e+01 2.017001773001887877e+00 3.740822718622340837e-01 1.773011942774012804e+09 3.863310724715329742e+10
1.627777777777777990e+00 3.978747036572634954e+01 2.187000475794934395e+00 3.840116516538419345e-01 1.820377199325905085e+09 3.966392047744068146e+10
1.727777777777777857e+00 2.124775496643341199e+01 2.371341702267392826e+00 3.938190303894004707e-01 1.859166579875541449e+09 4.050798139519699097e+10
1.827777777777777946e+00 1.128452143984169886e+01 2.571234274754181648e+00 4.035103007479840520e-01 1.890335418012400150e+09 4.118611082173326111e+10
1.927777777777778034e+00 5.964103961508019580e+00 2.787989153734940384e+00 4.130908734354803435e-01 1.914763398264528275e+09 4.171747493621640778e+10
2.027777777777778123e+00 3.138657377601501430e+00 3.023028002987062202e+00 4.225657316557999699e-01 1.933250641208677292e+09 4.211950247159883118e+10
2.127777777777778212e+00 1.645464126348480161e+00 3.277892512159533922e+00 4.319394778363905840e-01 1.946518403753846645e+09 4.240790166276678467e+10
2.227777777777777857e+00 8.597235385448307454e-01 3.554254446227466779e+00 4.412163739211724667e-01 1.955212564538779020e+09 4.259673730934028625e+10
2.327777777777778390e+00 4.478279100075386321e-01 3.853926661906926121e+00 4.504003762877175632e-01 1.959908663522407532e+09 4.269854130634966278e+10
2.427777777777778034e+00 2.326384120174642134e-01 4.178874980145826257e+00 4.594951661454079184e-01 1.961117683859640837e+09 4.272443907672164154e+10
2.527777777777778123e+00 1.205559708107621641e-01 4.531231097290456589e+00 4.685041761138246663e-01 1.959292053497016668e+09 4.268428060739251709e+10
2.627777777777778212e+00 6.233584256179972027e-02 4.913306493496966354e+00 4.774306135557124242e-01 1.954831541322124720e+09 4.258676906542839050e+10
2.727777777777778301e+00 3.216779475032871538e-02 5.327607677522918195e+00 4.862774811390966345e-01 1.948088855676913261e+09 4.243958284893843079e+10
2.827777777777778390e+00 1.656994615112904884e-02 5.776852609734003607e+00 4.950475950228935829e-01 1.939374841317862511e+09 4.224948883757186127e+10
2.927777777777778034e+00 8.521384334259271207e-03 6.263988559021765212e+00 5.037436009954224803e-01 1.928963228439623356e+09 4.202244585157551575e+10
3.017460317460317398e+00 4.687406736964527462e-03 6.746147419980780491e+00 5.114814147044032255e-01 1.522539617140826464e+09 4.179172144972943115e+10
