5.000000000000000278e-02 7.873410464416486320e+03 6.269482446338853210e-01 2.066985463866714279e-01 1.273370204731037840e+07 2.133903124379547238e+08
1.500000000000000222e-01 2.780602770830659210e+04 6.699154363139627755e-01 2.197932535460043191e-01 8.163494584373964369e+07 1.734415411682942629e+09
2.500000000000000000e-01 3.339052200844296749e+04 7.238637051288963065e-01 2.325227876718224396e-01 1.998273730917551517e+08 4.326429833360766411e+09
3.500000000000000333e-01 2.912259990394967463e+04 7.836438804157630500e-01 2.449254364738232825e-01 3.486929431072455645e+08 7.583196107291869164e+09
4.500000000000000111e-01 2.172971652725755484e+04 8.489035368910677892e-01 2.570329547811602278e-01 5.132588186843670011e+08 1.117851968946245956e+10
5.500000000000000444e-01 1.477776463220950791e+04 9.198643222347111514e-01 2.688720506645971287e-01 6.822331978765249252e+08 1.486679084895743370e+10
6.500000000000001332e-01 9.450836325011105146e+03 9.969117342811502080e-01 2.804654597355879520e-01 8.476213166099184752e+08 1.847440323226672745e+10
7.500000000000000000e-01 5.785558750822205184e+03 1.080513054696272679e+00 2.918327397367530551e-01 1.004146093407181382e+09 2.188698160349576187e+10
8.500000000000000888e-01 3.427940042936937971e+03 1.171195515895210315e+00 3.029908700352690887e-01 1.148633454966208458e+09 2.503590645028582382e+10
9.499999999999999556e-01 1.980281677846912999e+03 1.269540615316275378e+00 3.139547118518118407e-01 1.279454058908588886e+09 2.788611677940013123e+10
1.050000000000000044e+00 1.121138628433263193e+03 1.376184042877461877e+00 3.247373670403580492e-01 1.396060823137969494e+09 3.042603039745153046e+10
1.142307692307692246e+00 6.533100608100268119e+02 1.484134805911899280e+00 3.345398465244223685e-01 1.261942508927500486e+09 3.249849145631157303e+10
