4.023809523809524502e-01 1.450634045589159541e+04 8.400218529266075818e-01 2.513024819355474393e-01 4.337344115756441355e+08 9.441609770479715347e+09
5.023809523809523725e-01 1.094852785985851915e+04 9.082488925296923199e-01 2.632663400434682166e-01 6.017966963018651009e+08 1.311141951567246056e+10
6.023809523809524613e-01 7.740165946488322334e+03 9.818109214368929694e-01 2.749741245865657269e-01 7.697029161753276587e+08 1.677502033622800255e+10
7.023809523809525501e-01 5.188891266397436993e+03 1.061135799913404343e+00 2.864468214107224742e-01 9.309592366942287683e+08 2.029153167871098709e+10
8.023809523809524169e-01 3.331074018715097282e+03 1.146683039236980450e+00 2.977025727898950924e-01 1.081464672832616806e+09 2.357217585957389832e+10
9.023809523809525057e-01 2.063777930065142755e+03 1.238945329962961139e+00 3.087571983377252471e-01 1.218918303193232775e+09 2.656730798848177338e+10
1.002380952380952595e+00 1.241643772336423353e+03 1.338452037581399301e+00 3.196245982298505095e-01 1.342308762736728907e+09 2.925527753502563858e+10
1.102380952380952461e+00 7.289587089613129365e+02 1.445772646295158337e+00 3.303170698599026678e-01 1.451506026852321386e+09 3.163354006551866913e+10
1.202380952380952550e+00 4.192230042250233168e+02 1.561577642962044044e+00 3.408455597356567224e-01 1.546951837695806980e+09 3.371192747006528854e+10
1.302380952380952417e+00 2.440626323796030874e+02 1.688858891623473024e+00 3.512198661899879060e-01 1.629434420149821997e+09 3.550775683507580566e+10
1.402380952380952506e+00 1.427566379613953984e+02 1.827809036319240965e+00 3.614488042233270915e-01 1.699930197138243437e+09 3.704239771191786194e+10
1.502380952380952595e+00 8.275622277551967443e+01 1.978765359138981328e+00 3.715403408289243981e-01 1.759496228775012016e+09 3.833894182278303528e+10
1.602380952380952461e+00 4.757764465882979721e+01 2.142741731422037166e+00 3.815017070511395048e-01 1.809199707471442223e+09 3.942067721228366089e+10
1.702380952380952550e+00 2.714358189787870046e+01 2.320841217695393865e+00 3.913394915147628828e-01 1.850073768872746706e+09 4.031013315964987946e+10
1.802380952380952639e+00 1.537573842551090486e+01 2.514263375056430938e+00 4.010597190593565009e-01 1.883091538310168266e+09 4.102852028698032379e+10
1.902380952380952506e+00 8.652322647228103847e+00 2.724312230061652240e+00 4.106679172959641910e-01 1.909152518029965401e+09 4.159543791809548950e+10
2.002380952380952372e+00 4.839078822351411624e+00 2.952405059924954056e+00 4.201691732921842837e-01 1.929077114340883493e+09 4.202875758031963348e+10
2.102380952380952905e+00 2.691005890782550036e+00 3.200081952911576266e+00 4.295681821287999913e-01 1.943606367773968458e+09 4.234461899458798981e+10
2.202380952380952550e+00 1.488544329581683812e+00 3.469016241427047564e+00 4.388692887172155332e-01 1.953404867909641743e+09 4.255749483236180115e+10
2.302380952380952195e+00 8.193377215648218748e-01 3.761025799206020093e+00 4.480765239936491118e-01 1.959065489167539120e+09 4.268029471412082672e+10
2.402380952380952728e+00 4.489147332513807598e-01 4.078085414840431078e+00 4.571936363931312641e-01 1.961115043278965473e+09 4.272448888186051941e+10
2.502380952380952372e+00 2.449052327472496515e-01 4.422340207637328824e+00 4.662241193391216121e-01 1.960020262400424719e+09 4.270023887257167816e+10
2.602380952380952905e+00 1.330724185086608613e-01 4.796120236637997358e+00 4.751712353521758136e-01 1.956193744609074354e+09 4.261652723607470703e+10
2.702380952380952550e+00 7.203543626301774083e-02 5.201956287429505110e+00 4.840380372755279104e-01 1.949999640719988585e+09 4.248128152717669678e+10
2.802380952380952639e+00 3.885757178116423100e-02 5.642597151418429213e+00 4.928273870307114390e-01 1.941758959472069502e+09 4.230148992511746979e+10
2.902380952380952728e+00 2.089157839872128261e-02 6.121028338211351283e+00 5.015419722478607900e-01 1.931754432400239944e+09 4.208330722339118195e+10
3.002380952380952372e+00 1.119747680330438790e-02 6.640492444370624803e+00 5.101843210596678224e-01 1.920234920862007856e+09 4.183215082252702332e+10
