2.333333333333333370e-01 4.973906496774688276e+04 6.641871816135876960e-01 2.304248427303755842e-01 1.065236099652166128e+09 3.838245804426966667e+09
3.333333333333333703e-01 5.301188373740141105e+04 7.185341923424262145e-01 2.428796118824101125e-01 1.934605891339563131e+09 7.009105538700237274e+09
4.333333333333333481e-01 4.708717224309456651e+04 7.779302863459883755e-01 2.550343426870616548e-01 2.911583063957549095e+09 1.056716427532894516e+10
5.333333333333334370e-01 3.762934468819297035e+04 8.425228317336169725e-01 2.669165005781283795e-01 3.924846152221898556e+09 1.425379839578705215e+10
6.333333333333333037e-01 2.806385251190277631e+04 9.126420415636095074e-01 2.785494217523820093e-01 4.923353564323168755e+09 1.788422661790722275e+10
7.333333333333333925e-01 1.993504327332549656e+04 9.887016083364492669e-01 2.899531475085906362e-01 5.872984384347562790e+09 2.133515057381281662e+10
8.333333333333334814e-01 1.365759544044857830e+04 1.071172628543888061e+00 3.011450517666486304e-01 6.752837227694571495e+09 2.453122170687655258e+10
9.333333333333333481e-01 9.099114032708946979e+03 1.160576366043031271e+00 3.121403214911863122e-01 7.551800801279110909e+09 2.743254751403623962e+10
1.033333333333333437e+00 5.928910470887870360e+03 1.257483344150368776e+00 3.229523303048681404e-01 8.265676522585479736e+09 3.002423557538405228e+10
1.133333333333333304e+00 3.793973360984299688e+03 1.362515024782943174e+00 3.335929331085534244e-01 8.894918977202375412e+09 3.230819825173426819e+10
1.233333333333333393e+00 2.391628767775206597e+03 1.476346802326519159e+00 3.440727013191561823e-01 9.442945710977504730e+09 3.429703141937885666e+10
1.333333333333333481e+00 1.488662810713708041e+03 1.599711789780351223e+00 3.544011128092148799e-01 9.914921060768104553e+09 3.600961533862141418e+10
1.433333333333333570e+00 9.167005114890407640e+02 1.733405247256412984e+00 3.645867068327087734e-01 1.031691044957632637e+10 3.746805882356575775e+10
1.533333333333333437e+00 5.592448889934802310e+02 1.878289531287089753e+00 3.746372115609410969e-01 1.065531177517171288e+10 3.869564675226302338e+10
1.633333333333333304e+00 3.384045605755948714e+02 2.035299547661658437e+00 3.845596499576207083e-01 1.093648734768061829e+10 3.971551295797891998e+10
1.733333333333333393e+00 2.033077371987677964e+02 2.205448690500989795e+00 3.943604283523895471e-01 1.116653714635581970e+10 4.054982378332888794e+10
1.811666666666666536e+00 1.358083318827406458e+02 2.353692434501144515e+00 4.019565461603105128e-01 6.412348460797917366e+09 4.108725514916754150e+10
