2.333333333333333370e-01 4.849251515983620629e+04 6.644076398377632975e-01 2.304248427303755842e-01 1.065236099652166128e+09 3.838245804426966667e+09
3.333333333333333703e-01 5.091713088297328068e+04 7.195203417533300172e-01 2.428796118824101125e-01 1.934605891339563131e+09 7.009105538700237274e+09
4.333333333333333481e-01 4.454846716135455063e+04 7.798196421325782612e-01 2.550343426870616548e-01 2.911583063957549095e+09 1.056716427532894516e+10
5.333333333333334370e-01 3.506872375939448102e+04 8.454658721478820471e-01 2.669165005781283795e-01 3.924846152221898556e+09 1.425379839578705215e+10
6.333333333333333037e-01 2.576765573759475228e+04 9.168064449482901113e-01 2.785494217523820093e-01 4.923353564323168755e+09 1.788422661790722275e+10
7.333333333333333925e-01 1.803752788469977895e+04 9.942750689508759177e-01 2.899531475085906362e-01 5.872984384347562790e+09 2.133515057381281662e+10
8.333333333333334814e-01 1.218093638760524664e+04 1.078365445700237846e+00 3.011450517666486304e-01 6.752837227694571495e+09 2.453122170687655258e+10
9.333333333333333481e-01 8.001608315254755325e+03 1.169624118357150966e+00 3.121403214911863122e-01 7.551800801279110909e+09 2.743254751403623962e+10
1.033333333333333437e+00 5.142297980476051634e+03 1.268649766338295182e+00 3.229523303048681404e-01 8.265676522585479736e+09 3.002423557538405228e+10
1.133333333333333304e+00 3.246520663699595843e+03 1.376095148022269843e+00 3.335929331085534244e-01 8.894918977202375412e+09 3.230819825173426819e+10
1.233333333333333393e+00 2.019760880162903504e+03 1.492670402637447991e+00 3.440727013191561823e-01 9.442945710977504730e+09 3.429703141937885666e+10
1.333333333333333481e+00 1.241159972248864960e+03 1.619147183090039022e+00 3.544011128092148799e-01 9.914921060768104553e+09 3.600961533862141418e+10
1.433333333333333570e+00 7.547962735631291480e+02 1.756363471669111220e+00 3.645867068327087734e-01 1.031691044957632637e+10 3.746805882356575775e+10
1.533333333333333437e+00 4.549042288115242059e+02 1.905228957384439648e+00 3.746372115609410969e-01 1.065531177517171288e+10 3.869564675226302338e+10
1.633333333333333304e+00 2.720286800533586415e+02 2.066730961189127136e+00 3.845596499576207083e-01 1.093648734768061829e+10 3.971551295797891998e+10
1.733333333333333393e+00 1.615613098454227270e+02 2.241940893997168782e+00 3.943604283523895471e-01 1.116653714635581970e+10 4.054982378332888794e+10
1.811666666666666536e+00 1.069793740547667653e+02 2.394860196637057737e+00 4.019565461603105128e-01 6.412348460797917366e+09 4.108725514916754150e+10
