5.000000000000000278e-02 7.878594669954041819e+03 6.243031238993894672e-01 2.066985463866714279e-01 1.273370204731037840e+07 2.133903124379547238e+08
1.500000000000000222e-01 2.820809419187456297e+04 6.671310633621784225e-01 2.197932535460043191e-01 8.163494584373964369e+07 1.734415411682942629e+09
2.500000000000000000e-01 3.420448204913740483e+04 7.209381132311523110e-01 2.325227876718224396e-01 1.998273730917551517e+08 4.326429833360766411e+09
3.500000000000000333e-01 3.009344382932675944e+04 7.805732596398972101e-01 2.449254364738232825e-01 3.486929431072455645e+08 7.583196107291869164e+09
4.500000000000000111e-01 2.264224071234232179e+04 8.456848010695541262e-01 2.570329547811602278e-01 5.132588186843670011e+08 1.117851968946245956e+10
5.500000000000000444e-01 1.552569733207135687e+04 9.164947603822217737e-01 2.688720506645971287e-01 6.822331978765249252e+08 1.486679084895743370e+10
6.500000000000001332e-01 1.001149499688701508e+04 9.933891435084319932e-01 2.804654597355879520e-01 8.476213166099184752e+08 1.847440323226672745e+10
7.500000000000000000e-01 6.180188961375687541e+03 1.076835886013223220e+00 2.918327397367530551e-01 1.004146093407181382e+09 2.188698160349576187e+10
8.500000000000000888e-01 3.692998407276127637e+03 1.167363023157983237e+00 3.029908700352690887e-01 1.148633454966208458e+09 2.503590645028582382e+10
9.499999999999999556e-01 2.151977161650493144e+03 1.265553014908703533e+00 3.139547118518118407e-01 1.279454058908588886e+09 2.788611677940013123e+10
